0.581032
0.497699
0.553018
0.505661
0.564756
0.513683
0.561103
0.486735
0.491818
0.431177
0.526991
0.520127
0.448927
0.509767
0.550547
0.522035
0.499334
0.547710
0.544800
0.519032
0.502110
0.500492
0.519342
0.496554
0.545411
0.573721
0.511382
0.457023
0.576308
0.373483
0.626736
0.510541
0.592325
0.614428
0.534100
0.562485
0.510231
0.533039
0.368307
0.598686
0.590000
0.543037
0.573748
0.500394
0.596875
0.551906
0.502106
0.512999
0.639110
0.578352
0.533087
0.522421
0.458693
0.459847
0.511030
0.508455
0.457361
0.481762
0.645508
0.430243
0.518349
0.405043
0.595307
0.551914
0.445278
0.568558
0.522768
0.431892
0.461838
0.467486
0.425969
0.504524
0.586545
0.415107
0.603918
0.496349
0.514798
0.626017
0.606165
0.512011
0.461190
0.467480
0.436632
0.561058
0.502676
0.511856
0.606453
0.441352
0.557245
0.560449
0.570061
0.572099
0.524241
0.575145
0.472555
0.484440
0.534261
0.546338
0.555087
0.479857
0.499151
0.549769
0.455263
0.609545
0.521165
0.554788
0.475296
0.444044
0.545682
0.418237
0.563231
0.521533
0.518954
0.538355
0.515666
0.437026
0.532642
0.437056
0.457357
0.497263
0.514100
0.602992
0.523486
0.559514
0.549752
0.638081
0.597576
0.508456
0.481801
0.517603
0.594663
0.477987
0.410090
0.561603
0.500506
0.546915
0.472308
0.641602
0.524093
0.517521
0.559512
0.621901
0.464302
0.573616
0.547737
0.497486
0.561942
0.561751
0.498690
0.557920
0.397243
0.411409
0.562521
0.555310
0.475270
0.456203
0.600401
0.604062
0.559819
0.471699
0.588487
0.541024
0.500988
0.508306
0.558834
0.577352
0.503296
0.585339
0.543362
0.422224
0.542223
0.566002
0.521713
0.561019
0.418459
0.435719
0.578864
0.679675
0.547510
0.558563
0.426620
0.434752
0.470871
0.581678
0.632012
0.488635
0.601161
0.539918
0.600921
0.586052
0.485084
0.518461
0.552454
0.510982
0.495414
0.515045
0.529675
0.580068
0.573001
0.549382
0.574441
0.411154
0.585836
0.424091
0.542647
0.526430
0.553516
0.527969
0.662093
0.389658
0.518641
0.560633
0.536409
0.492843
0.449163
0.669956
0.554177
0.461068
0.586260
0.492973
0.532334
0.442858
0.548710
0.521188
0.506806
0.515373
0.559009
0.571762
0.581466
0.544552
0.700695
0.512822
0.572129
0.538507
0.498887
0.375029
0.435826
0.525784
0.502557
0.497061
0.495734
0.553180
0.568165
0.498735
0.493948
0.403418
0.548153
0.558019
0.490954
0.539928
0.528423
0.499501
0.590751
0.481105
0.500651
0.555913
0.545923
0.563757
0.457667
0.542191
0.419329
0.576415
0.591409
0.532318
0.589685
0.558946
0.568421
0.406710
0.532363
0.459765
0.592645
0.655112
0.518986
0.465822
0.579001
0.513557
0.500582
0.544906
0.558252
0.551723
0.578434
0.530292
0.500480
0.554610
0.516636
0.445393
0.427280
0.598918
0.597544
0.573961
0.466527
0.554265
0.571179
0.490048
0.455506
0.556855
0.571706
0.596280
0.564438
0.510826
0.500427
0.534963
0.541489
0.559164
0.629082
0.433860
0.612455
0.394701
0.629333
0.390585
0.407240
0.580275
0.411587
0.524801
0.596768
0.536975
0.496793
0.555609
0.602739
0.535110
0.539544
0.437984
0.426206
0.562465
0.576679
0.423334
0.552516
0.565938
0.483125
0.445429
0.568322
0.550295
0.497567
0.445965
0.551922
0.559854
0.598984
0.589904
0.553958
0.587792
0.533275
0.616746
0.603847
0.511825
0.605307
0.640606
0.479617
0.450463
0.582946
0.525118
0.454645
0.471893
0.497322
0.429161
0.461926
0.610808
0.565707
0.563207
0.511933
0.470797
0.510133
0.507986
0.467340
0.629154
0.414489
0.576301
0.475667
0.519972
0.576440
0.501542
0.469998
0.461113
0.475829
0.479874
0.442013
0.410654
0.522220
0.525692
0.493199
0.503213
0.606164
0.569284
0.442330
0.533489
0.581601
0.577637
0.554743
0.551014
0.615391
0.503823
0.443436
0.491790
0.509439
0.588621
0.527716
0.632319
0.573275
0.502703
0.656852
0.493664
0.627747
0.494599
0.441929
0.459152
0.409190
0.520831
0.474662
0.532393
0.584792
0.571484
0.519412
0.496289
0.532123
0.479815
0.482244
0.620493
0.558579
0.484479
0.529934
0.484175
0.386157
0.502703
0.452435
0.511787
0.521418
0.514216
0.482116
0.536370
0.583109
0.500168
0.479815
0.528591
0.477932
0.542777
0.574045
0.503010
0.528803
0.582665
0.481698
0.478027
0.614400
0.379470
0.601234
0.536415
0.535239
0.554039
0.534326
0.534195
0.419524
0.543643
0.586849
0.490543
0.593313
0.527892
0.436843
0.484085
0.603734
0.565323
0.521208
0.537833
0.490788
0.553620
0.560720
0.697505
0.597097
0.502133
0.503267
0.523457
0.571576
0.592051
0.483942
0.557224
0.539499
0.498192
0.573450
0.472743
0.414288
0.543823
0.560233
0.611563
0.519154
0.567427
0.439762
0.517181
0.583291
0.504464
0.565342
0.453060
0.585914
0.456045
0.512114
0.452217
0.484124
0.545681
0.461046
0.546345
0.619031
0.592118
0.648587
0.462466
