0.569972
0.518986
0.481586
0.492286
0.557815
0.451507
0.480695
0.433153
0.496174
0.575807
0.545116
0.717157
0.664896
0.640942
0.479451
0.661478
0.552843
0.498034
0.506384
0.454415
0.598960
0.505424
0.560993
0.573894
0.536502
0.574375
0.457476
0.559220
0.561788
0.577824
0.481434
0.402436
0.452380
0.416853
0.632741
0.532662
0.552223
0.507572
0.691818
0.518039
0.554717
0.374429
0.478197
0.517132
0.437488
0.422703
0.574110
0.735425
0.568327
0.490127
0.515161
0.684051
0.543730
0.554090
0.512304
0.596228
0.528384
0.510733
0.490027
0.499841
0.580085
0.549592
0.623092
0.415147
0.461865
0.564615
0.595230
0.626835
0.512409
0.472148
0.483059
0.510089
0.323358
0.549626
0.597503
0.539780
0.545718
0.535695
0.529528
0.528346
0.473225
0.653731
0.459619
0.539756
0.647147
0.682949
0.642444
0.599504
0.527407
0.371541
0.521230
0.387586
0.557547
0.529119
0.529156
0.534125
0.509468
0.465899
0.512430
0.534451
