122 66 159 251 143
49 39 62 164 38
256 211 98 138 238
96 107 201 220 223
163 206 124 34 167
121 75 179 253 261
103 15 85 140 51
205 172 145 72 224
174 0 55 82 145
157 91 267 177 49
231 207 199 267 50
123 231 32 26 256
256 67 112 150 239
40 80 50 139 131
141 0 187 89 168
47 213 276 18 173
18 215 249 165 150
55 45 247 202 244
47 171 63 105 88
148 138 15 227 33
230 172 92 178 224
168 225 173 12 34
87 118 106 8 273
24 91 2 75 127
94 36 4 246 41
177 105 138 41 188
240 230 36 98 33
200 158 261 206 85
101 168 128 209 199
164 234 105 61 34
138 104 269 250 121
271 192 178 252 12
266 234 62 243 222
97 75 215 172 229
82 117 12 191 260
229 30 117 135 147
238 133 229 245 219
150 274 3 64 119
222 65 28 64 174
218 33 265 78 277
121 187 177 60 234
106 133 268 235 72
159 69 38 233 176
35 56 251 150 74
127 119 164 230 70
30 48 158 174 253
156 240 214 38 36
208 103 225 132 21
81 268 160 144 262
136 244 211 129 228
190 175 195 78 51
31 126 256 65 150
207 269 160 35 241
97 200 130 204 63
32 86 30 273 193
186 35 234 178 153
26 13 76 117 184
38 274 193 153 208
165 93 74 237 255
135 208 22 261 96
91 153 277 7 23
190 259 260 110 67
176 87 262 236 67
117 89 256 26 168
196 268 26 71 157
115 42 45 243 137
51 131 210 49 18
93 125 71 117 19
11 188 192 115 235
159 196 22 157 105
243 205 39 154 157
236 143 228 257 76
243 133 121 126 94
189 68 197 57 72
133 191 146 113 97
103 152 273 202 25
4 82 25 76 189
109 162 253 172 252
204 183 275 267 147
228 122 64 31 164
194 109 136 55 244
145 186 31 95 210
137 128 177 27 23
255 14 51 211 104
0 47 111 180 197
55 153 3 207 41
114 225 101 236 230
62 55 265 266 20
76 237 22 264 64
211 175 76 234 251
215 6 94 127 51
233 87 102 140 276
54 23 173 70 189
148 170 62 147 131
60 63 30 44 261
170 75 247 193 2
203 100 186 266 215
260 206 233 119 142
142 150 145 227 160
179 186 200 46 238
161 146 272 125 52
170 188 18 106 119
92 33 133 118 75
102 185 227 187 214
225 77 202 111 71
132 237 19 88 16
77 122 199 53 6
268 62 155 54 249
141 173 144 61 243
235 116 90 14 198
223 23 134 238 95
156 141 76 10 157
112 271 42 87 122
273 86 104 64 243
96 151 258 56 38
68 273 28 72 175
11 51 27 152 225
243 154 245 265 16
58 185 254 2 158
245 48 195 129 192
261 35 4 98 76
100 241 184 223 212
243 66 95 78 93
144 2 77 105 74
180 207 150 122 4
259 46 68 47 48
220 174 161 216 188
174 144 30 6 46
18 57 152 112 63
39 249 27 201 123
143 229 125 209 232
203 143 141 211 103
66 257 30 39 116
118 139 129 266 66
162 157 243 95 65
39 112 231 190 11
185 271 49 141 195
173 138 208 263 140
6 270 53 269 176
11 112 81 221 34
116 195 276 76 126
255 179 154 275 80
255 44 85 183 200
86 222 146 87 229
185 73 120 260 84
184 237 245 257 21
66 7 10 135 119
46 18 215 182 209
273 155 185 116 157
189 208 264 7 131
2 9 137 27 40
0 163 105 127 277
31 106 40 91 250
189 46 25 113 51
90 94 9 231 125
231 199 77 197 156
7 213 185 133 131
239 69 78 268 227
216 138 214 150 229
248 143 20 217 105
140 63 120 74 208
220 182 222 22 185
42 60 182 160 29
148 32 93 231 99
133 81 176 46 5
17 175 159 31 113
264 97 137 160 56
58 114 48 213 44
70 182 183 178 205
102 233 115 4 177
126 30 186 80 48
92 183 49 226 60
102 149 41 95 93
233 223 51 30 260
157 74 104 256 205
3 26 251 247 12
131 74 212 45 35
91 80 59 184 215
222 78 80 113 141
161 42 158 3 252
157 248 51 247 141
197 166 251 41 242
230 274 185 271 146
69 207 265 266 171
238 148 164 194 133
276 202 194 64 27
133 211 19 174 22
118 228 260 43 258
33 13 220 263 183
155 190 264 122 61
192 169 206 150 45
93 244 19 143 126
11 79 170 56 137
105 163 58 13 46
81 222 174 100 165
5 40 244 159 196
81 168 19 140 32
261 208 48 46 76
145 189 277 262 231
88 98 12 106 191
248 47 277 46 37
38 2 94 182 16
183 211 72 15 90
110 138 65 56 245
26 189 76 178 276
143 94 27 226 102
14 115 72 200 74
229 242 182 106 208
219 126 245 158 160
260 263 58 69 161
2 110 120 172 266
7 263 47 117 185
22 188 191 253 135
239 208 86 222 258
115 41 236 156 275
102 219 127 151 112
207 28 42 127 243
208 87 252 264 258
114 47 248 219 198
62 5 232 255 152
131 138 89 230 140
176 261 22 72 256
46 220 28 249 264
92 179 277 154 227
85 121 87 73 22
41 157 187 40 117
187 18 45 101 141
30 225 267 237 91
54 82 71 270 151
65 184 183 173 55
66 165 121 189 187
224 254 169 184 90
6 87 49 136 193
153 76 10 241 131
265 27 194 89 276
212 16 91 204 249
146 252 238 260 12
176 234 69 216 148
209 20 208 63 171
185 233 120 196 124
166 53 41 37 51
110 130 276 200 49
74 40 213 269 112
0 271 78 262 35
101 17 275 66 244
8 137 250 60 31
35 99 51 201 172
168 109 218 28 252
71 267 20 159 121
13 160 24 172 10
75 218 273 76 8
5 87 8 129 99
26 173 238 271 206
272 48 232 92 61
183 221 21 101 197
159 151 206 203 216
170 47 161 57 71
252 216 102 106 121
257 273 83 85 234
234 27 230 152 194
10 128 43 130 52
154 174 127 221 81
87 51 103 196 124
136 65 243 89 101
224 81 51 103 195
141 187 124 23 198
26 277 206 78 122
183 40 33 63 7
83 12 63 5 115
187 247 182 255 48
158 96 16 181 123
142 201 123 163 180
205 256 39 261 60
194 178 250 206 197
110 58 184 124 248
134 261 271 71 252
87 71 221 19 187
193 131 249 26 232
229 166 133 143 84
7 69 150 277 147
265 200 173 150 192
57 65 192 56 164
102 232 28 118 144
235 114 253 75 274
223 6 134 112 199
40 62 26 45 271
138 96 110 237 151
98 47 159 201 76
148 204 167 275 127
246 194 222 211 70
207 63 87 70 102
253 108 241 224 269
127 31 263 204 15
170 177 35 96 252
164 116 273 2 107
60 19 253 177 163
269 209 266 149 213
122 63 270 249 77
137 135 60 206 265
86 176 49 167 174
91 75 189 256 155
205 222 29 114 116
218 163 251 216 233
215 11 120 109 196
145 120 177 124 202
123 11 20 37 45
164 92 170 214 188
263 115 0 65 260
117 84 149 239 98
45 277 9 1 16
245 222 257 226 126
76 117 178 177 114
152 246 9 27 161
112 138 10 167 69
202 201 207 100 41
252 187 169 34 131
166 147 60 178 214
95 47 59 43 259
125 235 265 220 140
88 45 50 90 137
45 144 93 9 261
258 136 67 59 115
32 204 244 63 119
62 166 16 17 141
30 200 28 269 130
139 148 65 98 215
116 65 89 79 222
272 123 216 53 254
133 24 4 176 193
249 140 48 243 256
170 21 216 241 84
163 255 0 113 120
14 57 147 216 132
252 196 107 135 20
201 15 77 40 17
144 132 30 260 215
124 217 238 44 10
46 171 179 178 148
276 80 134 142 128
140 267 236 65 41
108 12 35 209 178
148 191 43 32 134
219 250 157 218 255
166 145 155 160 153
47 15 84 66 198
98 268 84 207 160
189 254 175 43 135
181 16 92 180 5
239 102 267 179 220
62 58 127 229 205
77 138 105 168 21
146 227 161 88 173
171 276 7 148 30
2 254 196 36 43
262 38 245 10 40
86 88 195 42 18
79 108 159 59 148
132 242 52 12 237
232 241 149 24 40
27 118 59 146 267
87 216 261 195 145
145 241 162 100 264
116 255 257 237 251
183 239 133 105 143
40 35 12 19 24
168 79 80 96 139
260 160 214 75 234
66 204 270 192 107
89 244 62 113 119
82 79 143 81 1
159 240 3 18 215
258 107 18 261 230
240 162 173 50 73
99 182 26 106 234
102 37 91 100 87
267 56 20 248 29
203 152 274 178 28
50 178 233 230 247
82 55 260 96 194
175 276 32 58 259
126 86 197 139 167
30 148 262 162 81
239 254 77 75 134
113 15 13 202 52
220 41 161 66 45
224 137 255 273 100
59 142 139 223 251
37 51 30 160 273
78 120 236 60 166
54 92 32 120 80
41 140 146 273 186
169 47 78 195 186
125 114 155 40 270
164 161 199 70 89
154 57 90 157 40
179 38 60 269 239
167 161 174 41 67
118 127 209 235 157
236 235 160 173 201
251 150 228 224 39
188 42 205 121 97
19 157 181 193 197
213 55 243 252 154
15 216 16 133 106
262 256 215 24 64
51 79 163 15 43
241 122 34 259 32
228 195 148 31 82
170 275 106 128 200
166 153 119 181 152
182 90 161 85 248
273 70 36 125 161
26 202 62 215 216
189 119 244 276 81
12 139 270 168 215
165 246 216 80 117
231 88 95 80 269
199 264 102 70 77
69 231 221 139 237
82 242 27 4 206
93 214 257 57 31
242 79 54 219 0
29 102 269 197 21
75 69 35 142 248
28 138 103 160 97
271 253 169 50 197
130 36 103 224 26
134 99 258 207 206
264 272 199 135 106
12 147 67 22 255
62 22 193 251 223
116 223 97 147 9
250 248 172 72 53
137 238 198 191 120
132 195 25 5 133
198 173 69 78 6
5 66 82 42 189
15 112 267 80 170
27 235 274 172 92
47 13 200 80 39
197 120 45 81 100
212 28 156 155 95
207 64 88 163 223
21 16 265 25 80
45 126 120 90 8
118 33 141 252 13
51 256 28 218 158
35 182 145 158 139
99 17 185 208 243
251 110 122 96 146
83 18 56 190 128
13 242 147 30 58
32 233 194 124 201
201 192 41 122 183
220 87 21 57 99
196 163 165 47 170
230 159 222 233 164
13 143 82 150 108
108 53 24 132 34
113 36 79 47 3
197 65 109 37 276
229 158 157 255 193
257 45 53 125 259
15 271 212 101 133
95 188 93 218 144
19 257 273 226 158
27 18 158 156 248
37 122 77 78 139
135 58 19 83 128
14 47 264 101 155
81 225 218 65 116
192 152 21 202 82
23 257 220 89 44
181 111 268 31 45
233 161 216 203 225
166 219 114 168 102
211 243 63 242 67
67 142 119 12 63
9 238 170 90 214
164 74 219 236 125
140 32 181 161 260
139 135 112 153 237
218 120 42 249 87
233 82 77 277 103
119 126 243 120 58
175 103 59 138 184
277 15 34 82 217
20 229 35 163 139
27 1 127 240 174
62 274 89 20 97
185 178 81 134 17
252 3 176 37 259
30 175 21 16 38
202 213 135 58 141
148 165 19 5 100
24 217 157 229 138
83 207 185 217 82
88 189 25 213 39
270 61 176 71 238
183 100 24 249 13
