249 224 245 248 34
191 20 87 272 263
34 79 165 73 277
224 245 276 95 90
184 38 227 252 117
10 85 106 5 265
224 133 89 262 8
17 210 184 245 156
33 101 275 84 89
253 24 254 248 263
261 194 7 108 23
128 19 232 74 39
135 192 233 215 261
98 134 246 209 188
138 5 173 263 38
194 10 34 61 5
105 151 178 125 247
242 233 17 47 166
158 73 12 33 91
134 186 63 144 114
15 90 31 207 118
88 224 206 254 82
108 82 132 27 13
95 44 231 24 275
151 29 27 259 156
206 116 70 148 257
59 50 2 34 257
226 90 82 31 244
101 38 24 8 173
173 56 210 101 230
29 265 97 209 125
36 153 1 8 245
248 169 56 194 118
12 255 189 211 151
142 183 80 146 37
267 140 128 72 242
105 19 13 93 191
131 175 264 210 230
196 249 115 3 60
224 115 180 171 213
176 157 83 260 181
222 91 90 10 196
109 184 75 123 203
178 50 195 139 61
93 2 202 35 41
188 131 145 26 125
193 117 67 8 46
228 169 166 48 222
0 237 84 189 70
192 81 256 136 208
96 180 82 102 5
86 19 238 206 220
145 270 183 24 17
4 43 129 161 107
61 36 99 138 238
49 162 58 206 124
184 57 169 65 61
126 222 102 114 87
165 24 205 95 173
155 147 244 164 37
80 25 48 269 55
144 130 73 147 62
154 115 103 262 129
155 187 95 91 103
47 188 110 102 105
174 82 153 209 157
269 130 155 232 223
217 72 205 30 90
198 86 213 155 31
216 32 264 237 44
107 201 8 149 116
132 236 123 143 215
103 139 29 252 248
92 245 232 169 91
219 44 212 213 61
18 62 33 176 73
140 85 216 238 63
184 177 138 255 137
160 124 89 3 276
162 68 192 168 179
167 268 93 276 130
125 5 1 61 253
137 198 124 213 30
207 150 208 120 172
246 66 10 158 213
223 234 37 115 133
17 104 67 268 56
75 107 29 176 110
150 183 193 29 222
102 248 73 237 44
146 262 203 240 81
259 238 269 32 109
156 34 77 160 266
215 41 141 37 14
26 238 54 86 78
227 104 78 101 31
60 274 147 110 213
264 80 107 228 68
96 5 47 130 214
274 28 275 270 227
193 62 192 56 139
234 12 115 82 1
137 55 181 228 214
134 177 241 236 274
190 95 155 232 58
152 92 16 108 248
182 81 43 130 235
15 183 200 19 277
257 265 46 85 66
137 59 178 30 125
205 146 210 99 235
86 121 211 162 94
37 98 254 121 8
190 175 64 185 228
133 256 158 8 177
172 277 261 127 196
206 168 165 223 9
191 37 81 174 138
259 108 244 144 132
22 2 257 102 152
182 86 116 66 21
265 70 102 205 64
91 274 247 260 112
274 120 91 101 193
113 224 273 112 122
55 140 65 84 193
18 40 223 23 251
181 178 256 216 153
104 17 191 66 153
141 184 199 41 173
277 193 220 61 165
143 87 257 18 5
49 206 117 29 124
218 169 140 195 243
256 239 203 157 193
24 26 94 262 18
33 253 142 180 207
9 254 5 193 271
225 5 57 105 19
211 43 36 162 94
20 0 38 271 25
0 154 1 195 155
70 82 81 187 172
38 145 84 176 85
37 214 125 224 25
200 104 153 29 73
202 19 272 65 138
45 129 103 144 36
74 14 109 182 43
129 252 209 163 80
177 211 132 214 172
164 14 244 17 227
58 73 215 63 66
198 7 114 196 167
83 100 164 182 209
228 264 170 81 224
192 173 246 206 102
110 68 274 215 115
212 270 173 81 247
253 143 144 24 118
261 210 91 94 166
180 261 33 126 154
151 127 241 210 37
270 176 206 192 256
183 229 145 32 87
118 29 106 175 154
48 168 226 5 135
197 108 147 130 187
242 194 214 149 106
152 114 203 173 256
245 220 183 104 241
149 171 170 243 97
222 158 124 250 95
34 89 211 157 272
164 79 215 198 59
220 41 174 105 120
160 218 58 198 21
91 248 240 188 16
9 271 223 170 113
188 84 194 21 247
218 105 131 33 226
87 151 166 82 232
63 190 23 238 12
98 85 54 68 94
180 144 186 237 272
17 234 140 77 52
24 120 215 259 8
177 199 187 23 17
270 106 269 169 33
84 177 104 16 166
23 184 198 167 121
46 159 149 194 115
66 239 222 82 253
231 255 67 58 268
136 6 191 27 230
119 151 266 8 197
172 141 150 113 204
16 7 210 194 273
153 84 111 244 127
192 162 58 205 197
189 116 112 223 16
33 269 146 138 7
232 85 181 41 183
166 128 122 87 190
23 41 95 78 171
156 51 34 127 224
214 79 53 60 267
238 156 164 63 106
55 112 201 219 51
64 168 136 172 267
174 34 261 246 28
227 164 203 240 201
217 6 83 76 177
115 31 191 270 14
139 47 236 261 169
88 101 176 29 246
204 205 123 101 7
11 123 126 6 43
250 116 172 132 184
148 74 218 268 163
275 156 165 88 250
61 241 118 18 139
136 170 267 42 240
203 49 63 200 25
161 30 237 111 7
246 134 94 182 150
169 193 132 243 135
87 177 227 191 0
49 253 239 221 168
179 70 86 231 171
177 169 29 165 104
220 183 264 70 154
79 194 94 186 64
159 236 160 211 120
10 89 49 91 71
105 37 91 10 167
177 134 222 33 12
78 249 209 88 15
129 156 84 226 71
84 234 120 160 17
17 65 231 73 220
31 102 275 23 158
100 18 118 14 157
27 217 170 6 67
262 86 172 147 201
116 69 124 44 115
140 52 227 125 145
240 4 199 181 94
145 140 28 272 40
121 271 43 113 89
263 4 270 172 25
30 273 62 172 171
44 216 256 34 42
213 76 157 156 194
22 31 204 178 147
57 263 277 20 60
181 79 163 138 166
201 38 115 204 49
197 169 263 248 87
76 253 4 161 263
23 250 200 247 8
168 59 127 167 145
277 18 95 159 103
210 257 75 81 92
135 52 264 261 194
82 88 168 271 251
194 37 12 125 8
36 77 150 169 161
88 242 160 188 198
179 219 229 24 12
168 58 80 117 83
26 29 252 31 197
207 17 93 97 36
72 64 81 132 210
130 229 154 46 216
102 251 41 51 154
124 42 137 84 79
30 10 109 219 252
183 157 56 71 186
25 42 94 206 174
169 180 24 227 192
176 50 195 256 159
1 111 16 21 116
229 198 15 260 226
3 83 39 9 88
84 153 239 79 97
49 275 39 41 173
177 214 182 228 147
148 37 162 127 0
97 88 199 175 137
64 42 210 229 81
102 25 195 176 213
258 140 23 211 218
233 72 69 240 154
57 31 86 83 204
67 217 68 127 2
27 123 79 187 101
110 64 32 45 264
265 228 201 80 253
134 104 189 113 211
100 72 259 273 239
52 264 141 203 146
55 25 127 184 191
55 47 129 142 276
72 243 257 185 32
83 149 186 202 253
87 39 117 65 14
109 111 14 275 134
4 180 247 30 73
83 134 230 67 206
54 270 79 266 182
91 73 159 42 219
22 136 104 197 66
108 216 205 110 253
2 78 188 194 268
257 113 239 71 183
232 133 255 77 25
8 145 74 146 30
27 106 262 260 225
234 138 36 85 66
173 252 64 185 65
16 82 247 277 181
70 272 176 239 79
237 110 123 109 248
74 70 136 275 217
116 25 95 218 155
154 220 118 112 4
152 243 22 38 117
250 46 138 214 59
206 57 169 176 90
238 180 18 96 106
24 269 204 66 261
160 38 135 239 141
159 20 48 33 242
269 218 44 150 253
45 123 109 28 88
11 18 44 88 119
69 191 101 47 220
275 262 162 233 221
94 49 34 224 50
136 10 117 63 176
134 79 143 36 238
239 5 48 214 145
66 101 274 79 155
206 22 108 172 208
175 111 88 171 100
115 222 164 201 9
102 7 207 75 171
156 42 206 119 130
1 59 127 3 46
181 47 147 12 77
214 274 156 93 221
115 144 123 263 10
177 214 47 231 14
204 114 272 220 274
38 116 81 21 22
167 52 187 122 33
8 251 183 43 209
34 240 274 128 203
244 38 221 262 200
271 137 171 124 16
65 76 126 234 110
177 270 17 44 253
234 188 60 251 29
236 91 85 221 207
256 189 235 115 21
255 156 213 34 13
130 48 55 14 216
137 3 254 4 46
73 67 224 194 255
142 241 267 266 162
241 129 209 21 243
272 8 256 191 122
23 171 27 190 182
265 250 175 141 123
172 106 134 244 204
253 216 136 125 275
75 220 210 146 128
223 239 183 163 116
276 70 107 123 139
92 237 80 233 190
12 100 74 191 273
22 28 143 199 218
231 143 45 0 269
11 86 100 16 83
97 30 190 46 122
227 11 152 40 210
252 256 27 177 12
116 39 25 260 195
30 31 211 76 57
152 52 54 75 123
171 94 4 119 190
92 193 156 66 134
167 144 52 55 101
11 60 82 169 46
198 137 241 121 217
256 213 214 107 126
255 24 39 207 229
236 152 130 234 30
27 162 91 3 85
231 207 71 159 42
172 224 70 258 37
110 53 227 167 226
77 202 36 276 116
95 6 73 50 276
72 112 92 267 18
172 189 219 150 10
234 219 60 271 218
199 248 97 255 18
27 1 178 112 48
188 25 34 267 269
140 86 72 154 115
273 188 214 96 83
144 117 83 156 208
218 36 78 171 9
5 161 94 24 88
203 206 146 147 34
158 233 117 52 74
267 24 73 61 4
168 67 69 266 249
60 245 274 202 127
118 224 187 38 208
271 150 186 172 261
274 7 54 35 232
53 115 12 124 266
108 232 272 46 69
149 180 138 191 256
125 41 268 49 128
1 132 264 247 176
197 256 169 33 219
116 275 214 255 226
13 174 148 65 30
212 115 233 249 206
190 214 20 134 106
89 92 94 131 201
128 21 266 186 174
241 86 205 59 268
247 32 259 35 270
132 225 104 12 50
101 76 52 224 206
41 149 207 32 166
63 21 36 207 100
261 150 127 131 7
70 230 138 198 31
133 197 148 3 72
71 180 258 276 263
142 55 107 109 24
203 29 22 63 188
96 265 179 159 41
170 53 36 275 186
159 9 256 57 199
180 265 200 257 29
254 190 188 119 20
139 72 50 75 252
85 202 119 52 5
196 22 17 255 227
229 26 147 218 173
182 27 112 52 136
143 246 248 131 113
242 195 156 145 162
99 269 30 29 31
221 263 84 177 218
156 26 0 216 82
117 147 145 212 273
36 54 94 200 58
232 122 224 234 259
117 262 170 195 32
245 166 15 162 209
144 213 211 10 276
217 180 86 181 7
254 128 17 19 224
270 225 3 48 138
42 21 53 214 191
144 150 16 47 119
70 119 265 149 55
207 186 28 182 86
171 274 38 240 44
74 21 86 218 88
3 206 114 110 245
203 25 100 164 170
242 159 192 59 51
172 5 211 56 49
128 234 4 73 160
148 73 201 219 270
106 136 0 113 60
94 71 32 122 162
129 96 155 130 273
11 118 70 254 7
127 93 56 30 270
78 68 51 231 130
272 205 73 216 251
272 188 210 72 44
105 148 134 197 169
61 8 212 103 49
267 26 178 58 85
119 138 246 13 173
235 60 81 187 215
168 150 94 3 35
131 254 5 247 154
21 268 263 119 45
