0.588599
0.545734
0.574667
0.707604
0.525835
0.560217
0.577051
0.442641
0.521874
0.482662
0.366040
0.500940
0.494055
0.605974
0.558708
0.397048
0.646523
0.582914
0.527740
0.526634
0.591570
0.482250
0.542225
0.489158
0.371320
0.504238
0.517219
0.569158
0.517000
0.564303
0.571338
0.456440
0.564679
0.445696
0.514224
0.560802
0.529932
0.462680
0.429827
0.582830
0.596318
0.548505
0.717856
0.605155
0.550005
0.517997
0.582892
0.516240
0.517966
0.633223
0.473511
0.576473
0.480729
0.523900
0.376931
0.665169
0.547596
0.502472
0.553223
0.515762
0.566124
0.522246
0.604550
0.504418
0.538195
0.603805
0.554104
0.575052
0.568357
0.667329
0.517426
0.560328
0.424448
0.677188
0.684016
0.443087
0.600724
0.673128
0.500231
0.591911
0.550820
0.653127
0.591761
0.458200
0.428381
0.476888
0.407777
0.475465
0.583212
0.637356
0.599795
0.479246
0.540339
0.420271
0.502184
0.544863
0.543346
0.558839
0.566165
0.504593
0.440621
0.517849
0.552989
0.561126
0.542542
0.441926
0.492029
0.595665
0.593086
0.438932
0.518646
0.655002
0.593501
0.648887
0.520825
0.556408
0.565457
0.540339
0.589987
0.402319
0.420454
0.448434
0.513770
0.643018
0.642097
0.570091
0.606747
0.575887
0.488704
0.566946
0.594938
0.552373
0.615442
0.655663
0.465311
0.479706
0.521481
0.470755
0.517800
0.587958
0.465981
0.558914
0.534606
0.504558
0.503418
0.507096
0.573171
0.513710
0.522820
0.607486
0.533478
0.576635
0.387902
0.570013
0.731537
0.476576
0.617966
0.533024
0.484466
0.523541
0.635142
0.497153
0.521711
0.597864
0.533306
0.616167
0.509571
0.618431
0.545561
0.558887
0.591928
0.590657
0.560689
0.531567
0.627831
0.602566
0.519831
0.376841
0.433727
0.558184
0.506751
0.551426
0.427458
0.465456
0.559299
0.425268
0.589485
0.563116
0.500034
0.517853
0.605267
0.585334
0.556947
0.539480
0.515094
0.509625
0.632248
0.500580
0.630369
0.491044
0.564912
0.357204
0.531664
0.497897
0.483578
0.524365
0.597313
0.522549
0.620249
0.578776
0.533858
0.528779
0.556164
0.560372
0.566457
0.612798
0.552403
0.487227
0.644950
0.450457
0.495326
0.621548
0.590420
0.506592
0.387851
0.557069
0.577980
0.533096
0.520016
0.528981
0.457228
0.525345
0.603042
0.464415
0.522351
0.494945
0.518861
0.515195
0.521973
0.517889
0.575026
0.523247
0.537368
0.510147
0.609848
0.638279
0.532978
0.501158
0.539394
0.509652
0.604148
0.467818
0.652745
0.452450
0.545950
0.529907
0.544579
0.551933
0.467899
0.506648
0.522275
0.544044
0.497803
0.579368
0.506148
0.587707
0.543351
0.556192
0.441156
0.527156
0.512236
0.358215
0.513575
0.614102
0.499881
0.530606
0.551365
0.522690
0.537180
0.540795
0.521070
0.495195
0.514826
0.470912
0.448941
0.557839
0.468552
0.483317
0.495400
0.660386
0.631100
0.544519
0.508919
0.559708
0.544442
0.522541
0.520940
0.536707
0.452531
0.551372
0.508480
0.432980
0.574494
0.527973
0.415255
0.581522
0.568639
0.489750
0.542682
0.642386
0.684230
0.536858
0.539826
0.499430
0.570879
0.488054
0.669325
0.507301
0.499623
0.520705
0.495204
0.562926
0.656797
0.579180
0.523729
0.526121
0.548419
0.523540
0.583701
0.585162
0.511532
0.464138
0.501848
0.583013
0.524593
0.530160
0.533644
0.540207
0.557912
0.486578
0.572008
0.549217
0.540236
0.555947
0.512912
0.570617
0.562376
0.593491
0.541997
0.479280
0.500962
0.502433
0.553401
0.495017
0.604747
0.553016
0.577971
0.598168
0.573436
0.567688
0.455254
0.490269
0.649321
0.484811
0.608634
0.451718
0.495137
0.623177
0.553345
0.585446
0.571721
0.582120
0.536728
0.538669
0.592495
0.634118
0.554389
0.515799
0.614226
0.508266
0.625737
0.549298
0.551652
0.494346
0.533719
0.529567
0.514115
0.646336
0.457203
0.514364
0.578792
0.528123
0.626629
0.527373
0.535283
0.624007
0.630267
0.540946
0.560997
0.542807
0.586354
0.634650
0.483062
0.595290
0.492389
0.413250
0.482853
0.538101
0.469844
0.496541
0.468832
0.588980
0.674272
0.563191
0.481507
0.500739
0.438702
0.532636
0.404271
0.588682
0.608053
0.580504
0.684821
0.420284
0.607671
0.526037
0.554888
0.554838
0.579665
0.573545
0.543284
0.523823
0.520613
0.588897
0.658494
0.503329
0.650193
0.505344
0.527890
0.600072
0.562420
0.417870
0.497756
0.565891
0.578970
0.514690
0.374123
0.391030
0.572128
0.453513
0.364873
0.598907
0.537154
0.567649
0.562296
0.528905
0.504492
0.416115
0.563156
0.537820
0.422944
0.495285
0.587155
0.498041
0.457161
0.511787
0.535264
0.492811
0.492521
0.578746
0.624969
0.479143
0.551471
0.602515
0.509612
0.631090
0.567515
0.481091
0.476734
0.620904
0.515683
0.544746
0.541584
0.529006
0.413601
0.561759
0.576807
0.575994
0.468645
0.540070
0.554329
0.612556
0.679328
0.458839
0.564307
0.554270
0.636697
0.545340
0.519910
0.725543
