0.643724
0.627836
0.477672
0.590008
0.568901
0.454626
0.561436
0.433153
0.542827
0.575807
0.545116
0.693351
0.655947
0.640942
0.402163
0.661478
0.525268
0.452094
0.506384
0.485231
0.564602
0.608199
0.544693
0.652423
0.631051
0.574375
0.453679
0.538987
0.620301
0.578561
0.537450
0.508128
0.505301
0.469198
0.550502
0.619657
0.584418
0.616855
0.649873
0.518039
0.599173
0.397117
0.482687
0.499068
0.546356
0.422703
0.577016
0.704912
0.612780
0.571747
0.515465
0.614909
0.507095
0.664838
0.523917
0.567913
0.528384
0.514047
0.490027
0.499841
0.580085
0.580233
0.633794
0.414963
0.459148
0.628518
0.681020
0.618693
0.515600
0.580821
0.513301
0.617700
0.322001
0.549626
0.604599
0.645438
0.583380
0.535695
0.645200
0.566078
0.512553
0.696667
0.458787
0.539756
0.638192
0.692135
0.732130
0.598071
0.520243
0.396726
0.657761
0.399123
0.638457
0.465758
0.529156
0.534125
0.456006
0.537256
0.528575
0.569780
