0.588599
0.549645
0.574667
0.628029
0.525835
0.576638
0.577051
0.442641
0.415466
0.478003
0.435365
0.506203
0.494055
0.590682
0.615619
0.466038
0.628998
0.582914
0.515467
0.593259
0.663235
0.482250
0.452348
0.488746
0.481948
0.577726
0.608111
0.662032
0.450579
0.603639
0.557466
0.459008
0.631220
0.445696
0.545991
0.682855
0.594706
0.461716
0.556102
0.582830
0.596318
0.548505
0.692048
0.585976
0.550005
0.538943
0.677851
0.516240
0.517966
0.633223
0.444106
0.581287
0.382419
0.546022
0.409121
0.695363
0.526881
0.580724
0.595265
0.576515
0.561778
0.438049
0.652221
0.554106
0.515620
0.603805
0.554104
0.662093
0.607044
0.660376
0.585504
0.573871
0.492847
0.677188
0.705522
0.456137
0.635850
0.673128
0.553281
0.690936
0.550820
0.637413
0.696250
0.458200
0.458414
0.476888
0.429066
0.401716
0.646961
0.647363
0.553881
0.532958
0.590853
0.506316
0.620001
0.448941
0.549192
0.590219
0.553992
0.543811
0.391840
0.517849
0.628710
0.561126
0.562397
0.574517
0.492029
0.584609
0.668936
0.477415
0.573821
0.655002
0.650363
0.714994
0.608353
0.556408
0.565457
0.540339
0.513284
0.522290
0.494445
0.487460
0.572203
0.671425
0.594346
0.547867
0.648510
0.575887
0.510515
0.642659
0.667141
0.561125
0.680657
0.677916
0.465311
0.522939
0.554756
0.565820
0.482400
0.587940
0.502420
0.558914
0.556923
0.568808
0.581897
0.504365
0.654473
0.532749
0.463739
0.607486
0.533478
0.576635
0.405814
0.570747
0.765507
0.476576
0.624835
0.544945
0.484466
0.510185
0.635142
0.581157
0.521711
0.597864
0.470335
0.670620
0.596678
0.581336
0.566489
0.562989
0.652188
0.632920
0.655137
0.533874
0.684103
0.531914
0.568889
0.376841
0.433727
0.558184
0.482276
0.551426
0.454805
0.504717
0.640409
0.472353
0.636928
0.587260
0.549187
0.494390
0.712402
0.637708
0.616751
0.573366
0.630397
0.512148
0.669555
0.500580
0.648210
0.562616
0.622500
0.383476
0.531664
0.499098
0.443625
0.521270
0.628177
0.507747
0.576773
0.613348
0.611814
0.528779
0.573627
0.673272
0.634809
0.588530
0.593137
0.496143
0.644950
0.549356
0.495326
0.572550
0.586045
0.496443
0.405045
0.557069
0.577980
0.533096
0.520016
0.528981
0.426545
0.525345
0.669359
0.613211
0.522351
0.472533
0.526486
0.515195
0.521973
0.517942
0.487306
0.532140
0.614718
0.578033
0.561312
0.644482
0.514851
0.625424
0.435963
0.509652
0.654601
0.455498
0.652745
0.454653
0.594740
0.593681
0.544579
0.551933
0.467899
0.560083
0.527291
0.525889
0.556007
0.579368
0.506148
0.587707
0.544397
0.556192
0.540366
0.490880
0.557365
0.428992
0.608496
0.641733
0.499881
0.604182
0.551365
0.560177
0.614862
0.658502
0.626087
0.581958
0.427116
0.470912
0.453328
0.614733
0.468552
0.595636
0.628151
0.743834
0.691803
0.586144
0.545783
0.582405
0.600842
0.572275
0.547475
0.530560
0.452531
0.593138
0.578319
0.489245
0.649709
0.559811
0.496501
0.549508
0.639971
0.495141
0.614841
0.690797
0.684230
0.539377
0.565835
0.497869
0.569846
0.488054
0.674668
0.465256
0.534865
0.609921
0.501951
0.562926
0.656797
0.563488
0.529361
0.575961
0.581155
0.523540
0.637310
0.659844
0.574302
0.503483
0.599649
0.554393
0.524593
0.535058
0.533644
0.553401
0.557912
0.486578
0.628582
0.646664
0.536494
0.585026
0.611706
0.538354
0.564441
0.644047
0.541997
0.447285
0.501821
0.502433
0.656546
0.493732
0.604747
0.553016
0.597285
0.598168
0.578882
0.567688
0.455254
0.495331
0.649321
0.521101
0.608634
0.451718
0.495137
0.661423
0.629215
0.586140
0.546799
0.591402
0.536728
0.595034
0.602954
0.586823
0.554389
0.624283
0.614226
0.554044
0.625737
0.630391
0.569879
0.535719
0.535018
0.569990
0.514115
0.642278
0.546719
0.535580
0.576105
0.654991
0.658695
0.417690
0.463642
0.624007
0.655276
0.582938
0.655254
0.657547
0.658953
0.634650
0.475849
0.589383
0.425875
0.492723
0.482853
0.626110
0.527953
0.434504
0.593353
0.674519
0.709331
0.657249
0.481507
0.574932
0.470407
0.498146
0.472804
0.578727
0.633669
0.640562
0.684821
0.417878
0.603705
0.460326
0.637401
0.550263
0.585399
0.649131
0.543284
0.493960
0.520613
0.652913
0.652865
0.503329
0.641840
0.546820
0.491481
0.644787
0.565157
0.461478
0.497756
0.679014
0.650876
0.514690
0.379158
0.439182
0.562485
0.453513
0.472214
0.605615
0.537154
0.656645
0.677597
0.525767
0.481495
0.405383
0.604913
0.539748
0.439871
0.495285
0.673690
0.595321
0.584374
0.511787
0.614382
0.492811
0.609688
0.578746
0.624969
0.480492
0.549820
0.634525
0.547679
0.708258
0.567515
0.485482
0.559819
0.622823
0.497819
0.570254
0.486920
0.651860
0.407844
0.670673
0.633194
0.570716
0.481696
0.466207
0.554329
0.612556
0.622149
0.499624
0.584771
0.554270
0.605015
0.545340
0.590568
0.725543
